1292720
1849031
1292224
2209573
3793023
1292064
1298653
1292656
4023638
1298624
1291548
1291828
26387939
3011091
6786002
3792799
1900841
1293182
1292365
1292062
1291858
1295124
2149806
1293839
1292722
2213597
1306249
1316510
1299398
1302425
1862151
10741643
1889243
1309016
4798888
4164444
1291875
1292528
1291549
3319755
3205624
1306029
1292329
1292275
1292402
1292233
22263645
1307793
1292001
1294408
4739952
1292220
1309163
4917726
4920528
6803494
1309070
1793929
1292288
1293399
6879185
10463953
24815950
1297418
1300056
1299062
1299436
1308575
1292330
1292271
2132495
1292222
1291992
1292229
1292208
1291580
1299603
26588314
2209575
26586432
26778790
25787888
26611804
1301948
1292219
1308820
1292371
1308685
1292434
2053515
1844413
1296157
3007773
25773932
1293708
1293460
1291562
1291554
1293964
1300267
1293203
2365260
1304073
1291999
1305164
1296339
1292215
1291557
1308817
1920796
1292401
2161696
3072086
1418200
1309172
5960606
10777687
3824672
11529526
4873490
2133337
26303622
2997076
4116480
4709671
1889242
6985810
27059130
26580232
25917973
25954475
24750126
26647117
27019527
21937445
1307322
1308543
24773958
25820460
4920389
1851857
3395373
1291843
1291844
1309046
1794171
1652587
1432146
3541415
10485647
1309069
1866479
6390823
1302467
2300586
1308843
1294638
1292226
1820156
1300656
1293531
1292523
1292553
3075287
2146991
1306612
3006772
3066739
1295250
1780330
25934014
1292343
2334904
1304447
3168089
4746257
7065154
3642843
6560058
1304141
10741834
3231742
6082518
1866473
1309078
1295647
3073124
1306607
1298744
1293013
1301445
1297689
1302827
1298107
1291839
1293838
1293572
1295384
1293702
1292728
1293167
1293537
1292484
1293317
1300618
1298405
1297544
1292697
1292677
1292659
1308570
1792928
1401524
1866475
1305724
1292217
1397546
1297192
1292223
1292214
6874403
10577869
3011051
1297630
1293544
1418752
25864085
25937854
2132932
5323968
3793783
1866471
2129132
1418189
7054604
3718279
1297785
1300555
1303447
1299560
1300282
1300117
1292332
1294183
1308779
1295280
1297570
1300977
3228134
1293823
1295656
1316524
1757937
10512661
1296528
1790198
1299209
1294791
1294362
1304643
1578507
2124586
1300069
1401535
1298635
1401533
1308767
1298189
1300537
1294323
1299247
1299837
1295409
1309103
3718424
1307354
2138838
1305333
1293181
1296141
1305725
1296217
1305487
1292348
1293434
25855071
10808442
6722879
1485260
1301459
3011308
1895120
1466007
1300300
1793903
21324900
25821634
2279033
24753477
25765735
1418191
3610047
2063914
24404677
3338862
24405378
25752261
1299092
1306609
1302209
1304496
1300868
1303164
3005875
1297018
1293088
1297518
1293351
1297223
1295318
1307739
1302090
1294852
24312655
1294877
1295897
1293885
1293103
2279038
1468941
1297151
1292729
1293482
1296140
1508411
1298574
1298976
1294366
1295870
1295292
1297929
1947549
4286017
3068206
3606971
1301345
1303139
1306737
1418190
1296942
1298525
2132930
1300361
1306870
1292895
1297574
1300883
1296519
1298443
1297763
1584750
4116481
4301181
1294893
1299080
1297294
1295872
1301231
1292225
1310175
1295045
1428175
1760622
21360417
1291841
1293350
1293374
1441801
1307542
1301578
3009161
24325923
4847665
10741220
1291990
1981242
1308777
1291853
1292370
1297447
3804629
1773217
4817901
1437109
1306808
1307696
4724373
4160540
3025375
25786060
1578714
1300916
3077742
2049435
5323957
10810745
6846893
10440138
20326665
6845667
23761370
10727641
3742360
11525673
25830732
10745405
3233761
25867546
25774126
1296666
1304338
1294037
1395776
2042272
1298339
1309068
1305672
1293792
3771562
1306809
1296794
3596502
1293815
1292769
1292454
25786077
2132473
1293131
1292829
1293899
1293353
1408312
1329936
1300498
1297863
1298644
1305355
1306111
2131439
1294777
1305113
2051867
1292519
1299964
2997134
1293316
1295915
1294388
1296697
1775766
1302718
1308769
1294209
1296610
3760879
1299153
1308752
3001077
3279080
3018122
6537500
3006783
4312428
10743974
2363876
1304608
1471507
1419974
1304899
3114109
2132412
1309209
1946882
1301447
1300399
1292626
1296875
1295871
1306442
1299133
1309199
1308713
1294991
1293118
1307577
1308456
1296693
1299250
1400868
1301198
1293475
1297068
1294561
1296837
1296011
1300303
1297862
1300741
1307914
1300566
1292506
1299680
1293147
1293867
1295344
1293422
1294417
1299059
1295485
1292704
1297909
2364054
3895511
6828823
3652297
6873042
2223596
1309200
1293973
1293824
1301230
1298412
1292699
1295451
1300766
1298505
1292760
1293226
1293755
1293852
4206357
1419936
1388216
1978709
1820145
1299327
3006309
21318488
4268598
1299131
1292262
1291832
1292268
1309220
1301171
1300616
2044089
1438652
6307447
1292067
1292269
1292646
1857099
1292065
1293527
1293566
1295686
1889152
1939173
1292344
3808604
26372545
1292925
11527487
10484041
1950148
1308974
2037012
1433577
1499148
1298038
1291842
1291840
1293929
1308807
1309060
1291583
1296629
1299288
1303394
24860563
10485526
22715021
26339213
3126187
3529375
4122701
1866462
2030563
1296026
3066083
2255841
1308554
1455849
1305114
1303184
1294506
3148064
2269893
3268171
1482911
3143676
20278505
25807345
25726614
1295038
22939161
2158490
24750534
1293878
1297970
6874456
6873819
3179706
1806555
25815034
3592854
10807909
3025447
1291543
20438962
19957083
4075568
4944008
25964071
4004715
3104798
3071469
3317370
4807924
10774066
3654340
2988103
3157605
1303815
10521937
25855951
24695390
24698878
3868141
26270517
25947154
3026572
23769147
3094909
1915385
1793909
2042273
1941415
1907464
1794539
2299238
3002370
1293092
1292505
1293543
1305566
3075985
1304209
3148956
1303283
3097525
1303460
1293073
1296332
1298389
1293515
4004731
25798222
5977835
6011805
1293785
1301166
1292590
1296027
1301419
7065187
22266320
22265299
5968834
7065211
10432911
1300092
1292977
1296454
1422909
2147854
1295749
1307389
1293135
1308927
1299745
1293607
1306951
1400665
1292806
1293166
1294235
2242131
1301930
1293196
1306473
1302536
1302153
1297906
1295705
1783498
1419977
1298959
3223207
1297814
1754124
1293814
1305748
2081233
1899630
1297907
1293432
3824339
6827665
1985677
3569911
1410556
1294015
1440344
5131881
1292267
2325861
1297489
1298359
1844736
1436711
1915381
1915382
2382718
2308603
1294801
1578502
3699737
1300371
1308859
1296628
1293442
1422938
1293470
1766124
1941406
1305288
6040982
3578981
1440855
2153526
10746175
3775167
6875647
7916027
25757186
11601131
1307442
1292326
1945336
1849959
1937621
1652618
1303773
1507151
1293173
1304642
1607471
1298708
1297753
1294894
1294481
1300343
1297650
1293829
1292497
1304483
1294719
1295738
1298717
1300348
1292530
1297389
1299335
1297670
1296041
1295263
1296945
1859036
1417555
1428602
1784747
1307319
1299120
1302753
1292867
1299502
1296978
1498658
1295746
1295106
1297194
1304726
1295547
1293142
1433736
1790577
1292450
1302434
1292962
1307106
1298898
1302977
1296201
1304677
1299658
1294019
1300857
1297304
1292287
1394324
1301168
1294114
1295064
2210143
1307311
5154799
4014396
6532822
6533054
25794212
4301662
25995508
25838463
1295568
1302100
1301233
1301234
1300266
4179012
1297874
1293177
1293381
1294756
1293889
1476698
1295622
1293817
1436846
1292664
1297399
1301647
1296791
1297735
1297203
1303083
3338851
1292849
1291824
1301726
1295120
1300055
2028645
1296736
1907464
1291822
1498818
1296078
1293124
1298070
1291571
3743114
21937438
3992381
1304026
2067450
10437779
25766529
2027938
2369845
1294240
1293731
1299799
1484760
1296272
1297248
2003389
1305179
1307372
1323749
1308755
6753166
2054933
1937257
3804891
1306032
1302542
1293936
1292574
1292532
1293511
1292280
1295586
1293394
1302522
1304898
3217165
1296384
1949321
3006781
1432180
1294621
1887455
25884741
26389928
1292337
26245360
1291976
1301169
24708493
10760030
1296835
19976774
7152895
24741412
1389924
26362351
1441238
1920805
1498831
1292211
1296987
1294300
1291555
1418070
1298112
1298128
1292212
1293825
1293555
1301465
1293926
1297359
1291585
1307811
1959877
1291561
1304970
1297052
1291838
1291560
1297131
1919245
1291579
1291575
1793491
1298040
1304826
1303376
1293315
3726072
1293765
1305690
1299624
26825664
3604148
26684564
1307488
1305046
27621727
26704620
26688480
2988893
2075994
1438790
3095189
1918547
1307807
1308797
1309125
1418919
3105162
2132486
2252775
2361386
1296535
1308829
1309222
1305324
1308499
1297773
1301928
1480051
1307884
1482366
1306544
1427789
1431755
1293133
2998395
1892147
1292836
1292779
4117274
1305419
3524289
5323911
2295401
1465415
2117898
1871840
2057552
7051830
11606328
1929463
25777636
3077412
1296996
1966182
1309101
1291545
6390825
1972698
1306723
1295638
1304998
1294929
3592853
20276953
6857606
11610450
25701866
3642835
25798448
26861685
26363254
26284621
24719063
6517421
23331914
25823132
26325320
26607693
10598440
10763164
1297747
25766754
4319218
5322596
20020577
21334420
22508259
25835306
10577854
7051900
24325872
25895276
25809902
21817627
3927734
11624706
25662329
3287562
11589036
6534248
27038183
10574622
4237879
25717233
3927750
3880545
4196227
4215790
1308987
25698193
2074035
10546666
6875277
3318306
1994879
3563200
2999913
3014557
24702267
24530943
4915857
4914468
3178770
10558252
25741285
4767216
4810698
1306472
4097466
1938174
3443388
1294262
25798252
1296909
1297478
1777612
1907966
1292274
1303173
20276520
20507271
4097454
4995724
6437136
24371128
25858604
25958717
25895901
26628357
25815008
10773239
25724855
21965464
3284397
1306031
6731985
10546747
3399559
24325798
5320600
1308819
24470523
25929151
2157507
6880497
1482316
1328665
20431537
24284844
25861695
4885995
25794230
10576419
2046839
3259993
21442760
10549480
25772380
5153254
4191644
6097775
1294934
1302570
2062611
1949328
1306004
2044200
2133368
3033864
1464540
1302987
3231881
5504174
1296259
3911336
11502889
1941401
2129417
3294576
1951337
3640505
2120223
3323345
2035115
3723620
3001114
1293443
2155910
1298361
1293454
2265798
2295259
2350883
1422934
3346916
1974102
3402640
3006123
1779689
2975945
1304144
1307669
1303743
3011617
1849371
3011105
1299274
1294456
2227116
1298041
1758487
1294732
1297790
1294184
1299898
1297421
1298337
1786053
1296360
1305914
1304436
1305793
1306421
1302006
1305956
1298214
1300077
1299586
1301630
1309088
1300830
4230918
3732800
1291818
21937452
24751756
3077668
1295644
4876722
3649049
11627068
1293172
2294568
1298917
1588945
1293952
3271093
1308848
1292834
1473795
1298056
10763157
20497633
26718828
26416603
26410594
26367579
10568385
26169607
3582181
5327268
26000205
25819229
10484601
2364074
6839145
25986180
1829654
1300926
1300185
1308775
1292493
1294948
1301167
1301509
1295242
1304132
1416722
1307371
1307747
1400668
1306057
1302678
2240464
2350649
1294914
1302528
2031688
1303134
1423001
1299314
1298998
2244493
2062406
1308598
3286041
1293383
1306304
1295919
3095280
2269895
1293523
1300412
1303901
1299291
3161901
1294805
1829198
1294452
1294329
1467165
1754898
1297284
1307591
2063948
1296030
1293893
1302012
1298950
3041264
1946776
3742937
10487599
25698362
5193457
25773399
4132356
25902985
19965709
3606973
1296702
1298618
3078396
10464511
26817124
1306067
3213386
1301386
1780342
1297569
1301859
1523682
1458202
1296717
1292737
1305970
2059286
3621321
1301079
1293587
1295834
3041294
1436680
1305067
2147081
1296459
1294353
1294276
1299610
1306983
1474203
1309065
1960313
4144296
1307243
1796752
4032746
1306953
3041806
1441602
3626416
2044102
4133814
1306160
3104794
20257326
20388223
5151891
4301285
10487568
10486471
2174535
11620560
20277632
25825412
24718797
25789402
21350962
11610281
25834333
11598977
3011574
1947080
1309211
1307990
1294227
1307657
1293258
1292624
1297866
1302242
1305183
1428051
1420018
1293139
1292822
1298814
1293132
1297243
1308601
1493939
1308421
2044083
1302348
1305877
1305244
1295744
1305760
1304804
1297889
1295192
1295582
1295300
1294121
1292991
1297394
1296820
1307918
2172920
1297693
1420024
1295470
1305737
3035433
1296451
1303760
1296795
1950677
1293641
1828287
1417441
4893743
2991620
1297003
1303693
1293227
1307186
1308110
1302786
1294549
1300927
1299316
1301762
1295822
1294153
1297063
1302895
1303850
1294635
1292538
1306969
1293263
1293580
1394169
1297277
1301442
1292470
1291550
2980609
2080133
2154245
1299487
2122869
3148298
1306258
1299858
1293658
1296947
1482541
1294131
1297213
1295273
1438924
1308308
1305201
1296203
1297071
1303983
1308850
1293265
1308290
1473074
1298252
1306098
1293202
1294713
1299782
1947114
1308855
1304837
1300575
1307694
3412882
1890784
1299550
1292846
1306209
1468547
1298492
1823501
1306140
1293854
1301185
1292328
1297517
1300265
1298761
1306123
25919910
3821067
1306490
3401684
2028661
2996642
5503303
4919019
1308998
1308771
1294519
4811813
25824686
3680627
25881615
25866686
6866928
25823531
10047547
6424814
3387483
21349345
26320029
3212398
25710912
25858785
10605978
24872023
25908042
1294002
1298442
1427034
1506769
1301229
1295082
1295662
1457874
1763939
2061185
1427038
1292588
4106641
4130238
3992966
1427039
1421737
1293352
1294072
1294979
1295328
