1292584
1441973
1298471
1308466
1297944
1303567
1299245
1301236
1294542
2998340
1292850
1294825
1299932
1302294
1296646
1292547
1300749
1486017
1308657
1472301
3120852
4051753
4066125
1293770
1917171
1293396
1478066
1307463
1292969
1292260
1292403
1295399
1293909
6430835
3008247
1292063
1308599
1292216
1291870
1305248
1309171
1294789
1301890
1315574
1291572
1294639
1293530
1293764
5924362
1308865
25862354
2999500
6539385
4901684
5279640
10508876
1412579
4826419
3603547
6829665
5353344
1827713
20388224
25728010
25750969
19961072
2361826
1578503
1302325
3819939
1303170
10581318
1300774
1498811
1292541
1303630
4312232
2346881
1308252
1890558
2124703
1304257
1296623
1307449
1292396
1291847
1300044
3135483
1298043
1306666
1292264
1479377
1292060
1300966
1293980
1299885
1401915
1303559
1293698
1394218
1298241
1294418
1292778
1303408
1293908
1294379
1303418
1299231
1298817
1299235
1295070
1292521
1507248
1469353
2372389
1296867
1293090
1401118
1296963
1298521
1293310
1297602
1292515
1793904
1308762
4304402
2996790
2010972
1309160
1892848
1958434
1297145
1309064
1305053
1309145
3073875
26410683
26673872
6873905
4832288
2222996
25845397
26390631
25882861
25687245
26591654
2297265
1297920
1424639
5972040
1299103
1763905
1293050
5997157
25757061
3285632
1293455
21770915
26677495
24870808
26215216
6521506
1308976
1304868
1294720
1968438
1295728
5360889
25934339
1305666
2973543
7058117
2042186
1301359
25704588
1361254
1293359
24879820
1908036
1507134
1307176
1388175
26691320
26842503
1305541
1440703
1292338
1292504
1294570
1291559
1292719
1302061
1292994
1298385
1301616
1294781
1292764
1297128
1361252
3230459
1303590
1308799
1433360
1304624
1299661
1474180
1300945
1299362
1295965
1299922
1304585
1304485
1293377
1293004
1293706
1303907
1291588
4202302
1301753
1291565
1848925
1401135
3212221
1291578
1291577
2353023
3789848
1291574
1294833
1428878
1291586
1291573
1291581
1783457
1295229
1295284
1298207
1306799
1300247
1302874
1292950
1302054
3732861
1301912
1297710
1294564
1292679
1297036
1296334
1304530
26997663
27133569
26644205
26373527
26700688
26602794
6837235
1401873
1780168
26787571
3095514
26721644
4017146
26976399
26600660
27027913
1307660
2992767
2977365
1949128
2185187
1870801
4934992
1768941
1788094
1358386
2051576
4729828
3162377
3892396
1305655
1308834
1301156
1437883
1778999
1309217
1302638
5374152
10466639
2373638
5384590
1309032
3217669
2225175
2002954
1871836
3804835
3150346
1436679
2129170
1307146
1433359
1850521
1819888
1422936
1307222
1297538
1302244
1301351
2036996
1298152
1306345
1302447
1416301
2208761
3727661
2244593
1299495
1295447
1485255
1293956
1293035
1303998
1914923
3011052
4708013
2132426
2059125
1584898
1306670
1433358
1461348
1774223
5360999
3284768
14321432
6028313
1309023
1308792
2051750
1979067
1309058
2268357
4933719
4831508
10512944
6424184
4883258
5960681
5364987
2051452
3072894
3727658
2301701
2301676
25812885
6874441
10429695
25728008
1292832
2127788
1308995
1422306
6311303
21441132
25872311
3530403
4824512
2973079
4202982
25793398
24743711
2131940
1291544
1309052
2336785
1767042
26636712
1810604
1296392
2265630
1303639
1299210
2067461
2059299
4924142
3071441
5325336
5159257
25779392
25983951
24746649
24717815
20326553
4122269
3749974
10773241
23767433
24913189
26576995
26761416
24753810
26260853
25723583
23788440
26378579
26311973
25662327
25884801
24875534
11510624
3836070
21263666
26220717
6886518
26445216
5502697
25983044
3592859
10344754
6890730
26337866
25814705
26356789
1787291
10438426
26731589
21324293
3285050
3927749
3068193
3642895
25743024
3006892
25833539
10577681
26322972
25847558
26309892
26599156
4319234
26385940
24879858
26290365
4881607
11614603
25723907
26642543
25843117
26832363
26358775
6873736
11026735
26354572
11810348
21349175
10533913
1759386
21327493
11443314
26698897
26926321
25812712
5308265
3078753
3183490
4826330
2054026
3011102
3652302
2368641
2974278
1922152
1294829
6851867
26417037
10462906
24521861
10533578
20453087
4766237
5920960
1308822
1885119
3072185
2059310
1308376
1305069
1294585
1870044
3072889
6721894
3166574
24879770
1296787
2130163
1419935
1949320
1309050
1474185
11601132
11577177
3578920
3213233
1437342
3233635
3731581
1994876
3447563
3804605
1891157
3112731
1303439
1305018
1308457
1903904
3993697
6876433
1937638
26811449
2148379
1394371
3346304
1424280
1306728
1297931
1305066
1293671
1308849
1302271
21776863
25850781
1294371
1294490
3041749
5964718
1306861
1301617
2129039
1304022
1307014
1296253
1308747
1296436
5156619
24861117
26937840
10744164
27125208
26844773
25826245
30170375
3804876
1301432
1769479
5153239
1301669
1291991
1418089
1295301
1301687
10511503
26342011
1421468
1307263
3742987
6959179
11612342
7054838
20504960
21965446
26828461
10519113
10571509
26694988
25980443
26307755
26593587
1303021
26393561
5996409
26020796
6538833
19973780
26614893
22313102
26298805
26277167
10745399
3071509
1294548
1293846
1301498
3104216
2263102
3154754
4290704
1892578
6091398
25809101
3749947
6128003
3578925
1294950
26340522
3007825
1304626
1459148
3096779
1796255
1985047
3681289
1806013
24852462
1938022
11226073
26425002
26324893
26816086
25905892
25880986
6006335
1299900
4180445
4185834
3148748
1299765
24882719
5036969
6039412
22733673
24325604
24883815
25843022
4305436
1783772
2133833
2059287
2062627
1463226
2063945
2059273
1949312
1308754
2144242
1461964
1461985
1434172
1461981
1438091
1482709
1452554
1464618
1433701
1307332
1299888
5401335
7162552
2332473
2059359
1941417
1465799
2015625
1986283
5152196
1786067
3196754
3571726
3026402
2244898
6019181
24706498
5325340
3888690
10736550
2030112
25910290
1900123
4830197
5154655
19999409
1300311
1440151
1295827
1983128
1983125
1295783
3091271
2295096
2267346
5153912
1293382
3986536
1298111
1743692
1297057
1297502
2228823
1296720
1422986
2067462
2222997
1793915
3878151
2216308
1747408
1306259
1303586
3262087
2301125
1902534
3017555
3011465
3018350
3328350
2249046
3091554
3173800
2009342
2131511
2032355
2135759
2122767
20398726
2257546
1507160
2027977
1306651
1304089
1304395
1304082
1304140
1304106
1304076
1304023
5115129
1299213
1308715
1304798
1972732
1478064
3011031
3801751
1294997
1301541
1301444
1293673
3761830
1452121
3882834
1755570
2241118
1293433
1967988
1294697
2355971
1695241
1296008
1995011
1306797
1897294
1294171
1302055
1939284
1295464
2174207
1301548
2103277
1294066
1493671
1298217
1305981
2141630
1295220
1303116
1294862
2228600
1947304
1306327
1304342
1996735
1299767
1908082
1298893
1417958
1301621
2076168
1301998
1296588
1482029
1295276
2174144
1293297
1298348
1298658
1302481
1298790
2141654
1296929
1295578
1294900
1422205
1295402
1293448
1297996
1302410
1297076
1300568
1307234
1758840
1526711
2037257
3250894
1305884
1296288
1293143
1293798
1293331
4038207
1301550
1300392
1308784
1482080
1294941
1292680
4861627
5364952
1299361
1970437
6019180
5908478
1756073
1306939
1303037
1291568
1308162
1766086
1294693
26800978
10450409
25908051
1309115
25859495
1309071
1293414
1949812
2294565
1292890
1294224
1765031
1478063
6390832
1304146
3804766
26276373
1293921
1293348
1293859
20443013
4832825
26756049
26990609
27073291
26631663
1495847
26775546
3072064
25850443
1299904
2252773
1788431
1763134
24695966
1916088
1796824
1297587
1308770
1309151
1308675
1875488
1294358
2035075
1293541
1292930
1306283
1304607
1305096
1295340
1305071
1298291
1296770
1306802
1302355
1308776
1941581
1305158
1294766
1309201
1297756
1292973
1864541
1419904
1460996
1962057
2061104
1299182
1305211
1305915
1302927
1306011
1305197
1305564
1306733
1400673
1302566
1294675
1293656
1298328
1303374
1297715
1298395
1297685
1960217
1303201
1293522
2382723
3173955
1306003
1301288
2239691
1752145
1401335
1305484
2059279
2059303
1307763
2225321
3990500
2129042
2037833
1294804
1306900
1305651
1293450
1307716
1296381
2240467
1292770
1299707
1298866
2266104
1294175
3706726
1963394
2132410
2567667
3838694
1292455
1304030
2337716
25779224
25779215
2131468
20391250
1304791
2139098
1299201
2181137
1979183
1299787
3566864
1941150
3136204
2063941
1919925
3819389
2067455
5041026
1296012
1306489
1972075
1296182
10439816
20561967
26184645
1892534
26347901
26420840
26474224
6814511
26355307
25947851
26762947
25779706
26670789
10485649
30175276
27121729
3076031
26926452
26697843
26649627
5206954
11584413
26434895
1295383
2231228
2353083
1300693
3271726
1873269
1303426
1480544
1483426
1498629
1304288
1441189
2138227
1755695
1302205
1304560
1303801
1424631
1296354
1292591
1304737
1297205
1926816
1300636
1293471
1302063
1464349
1307425
1308406
1308503
1464359
1307417
1308642
1300858
1464345
1293325
2059285
1303420
1394521
1295918
1303720
1294356
3306970
5114433
1295426
1309056
1294069
1295875
1303682
1578484
1301939
1293009
1307266
1297259
3329192
1305187
1306935
1858270
3218859
2049689
2298926
4851006
1297115
1302851
5282537
3445046
1937217
1788429
1306963
1947089
3312344
3279107
4249355
3718269
25853727
3217169
5244092
3238087
5151892
4074733
3012013
4146512
3170961
1309116
3256172
3179039
10757685
26351660
2968852
5152973
20388974
26266072
21977761
3230115
25837175
20379462
25749872
3231740
10792320
25708452
20503269
26543037
26352445
25944714
24695277
25444447
21327512
25945280
26125779
1305595
3081333
1296240
1308978
1300608
1393479
1307043
1307762
1307675
1308772
1301434
1300215
1298586
1418192
1433460
1788401
1765358
1300022
1297025
1305243
1296518
1295630
1294559
1295733
1297229
1295527
1305137
1512415
3337073
1950688
1857544
1296688
1294415
1304992
1300435
1294043
1293309
2995638
3056300
3569045
1304951
1485425
1295948
1298902
1293476
1298093
1296552
1294277
1301443
1293183
1292674
1294863
1305242
1293681
1293801
1293803
1294095
1304468
1294330
1295955
1300074
1296461
1293724
5500708
1303484
3075380
1292618
1292868
2124554
1308129
2239246
2147867
1890538
3081360
1301065
1293110
1892592
4212211
2301931
2037669
1771533
1533644
1532931
1305322
1481837
1307950
1307630
1302468
1302097
1301416
1395040
1293117
1293417
1841109
1293427
1767738
1603607
1304568
1300181
1293986
1304251
1298837
1306530
1292767
1302164
1301770
2037910
1296530
6875497
1300701
3154388
1299028
1297176
1304290
1300033
2379445
1307478
3237764
2148296
1295555
2244708
3000166
2327053
1817342
3174411
1478926
1939414
1302300
1302564
1869834
1962508
1364764
1298869
1422106
1303137
1298104
1292843
1306323
1298809
1292751
2225852
1296016
1294738
1297083
1293774
1303251
1304130
1293576
1302969
1296662
1294076
1301441
1466924
1304856
1292507
1294108
1293752
1293676
1294173
1293873
1295554
1295560
1295635
1304876
2298034
1306806
1294143
1299043
1294828
1293874
1307366
1306637
2251059
1296325
1479910
2275499
1305214
1304756
2157577
1916870
1295786
1300713
3731662
1294041
1295549
3293160
1301508
1305457
1297625
1293972
1292700
1293830
1295363
1298245
1305524
1301547
2131649
1306606
2024527
1294430
2351133
2979799
1762050
1308736
1294586
1925068
1296683
1294351
1293045
1294107
3892376
1951175
3076541
20432985
1950530
2134401
3801962
1897368
1299048
1481649
1293367
1304199
1292967
1400869
3057946
3073587
2356972
1307361
1307726
3735224
2343584
3892489
1292601
1304401
1304131
2130143
1294467
1306396
1296044
1305420
1300714
1303717
1293732
1293941
1299966
1294251
1470852
1307257
1306891
1306692
1302992
1303783
1306755
1303769
2084048
1304124
1302482
1762699
1307922
1301283
1307899
1480318
1307345
1304045
1308796
1292633
1297683
1417304
1308120
1308482
1310185
1296169
1304238
5422105
4133988
2359431
1867408
1366853
1780428
1299367
1304753
1759192
1301932
1401265
1297497
3057948
1295633
1307543
1890162
1306262
1300581
1298654
1297629
1304618
5119273
1301982
1305837
1298589
1293518
1297924
1308722
7564989
24745500
6425116
26757090
1301136
1459054
1307898
1296161
1301946
1306021
1302128
1297979
1419920
1307812
6259916
10573439
5365963
6053731
3882445
1309044
1921686
25794302
22266012
20435622
11526817
25818101
26004132
2325873
10439805
4126925
3326730
24859795
19951149
5317291
2147872
26589957
3863845
26764514
26796845
4943938
24532580
22265181
26322637
26761256
26817016
25744412
25912924
26314678
26334559
26607739
10604486
26687241
3837666
11625097
4323732
3670447
3928370
26271893
25831326
25827399
25849475
26662192
1295820
1421742
1306987
1506770
1506760
1294971
1421739
1506813
1293311
1293795
1297253
1301235
1763816
1296531
1297270
2343443
1768214
1421741
1947300
3426877
1768229
1768141
1768209
1768212
3426918
3228086
1427040
1768158
1421740
1506814
1304152
1421738
1293840
1302923
1296397
1293213
1303545
